sprites/layers/world1/layer2.png
3010.000000,3200.000000
circle_terrain	2452.000000,4800.000000	130	SOLID	LINE|240|100|90	
circle_terrain	2650.000000,5700.000000	70	SOLID	LINE|900|550|0	
circle_terrain	2852.000000,4800.000000	130	SOLID	LINE|240|100|90	
circle_terrain	3252.000000,4800.000000	130	SOLID	LINE|240|100|90	
circle_terrain	4383.000000,3150.000000	100	SOLID	LINE|240|200|90	

sign	Warning! Uxcavation Ahuad!	1868.000000,5696.936035	
terrain_spawner	2617.900879,959.342407	
push_bot	3348.028564,4248.107422	1	
laser_beamer	1535.366821,3919.037109	0.000000	500.000000	0.000000	SINE	LINE|600|600|90	
camera_move_region	3850.206543,4716.000000	400.000000	500.000000	200.000000,0.000000,0.000000	
camera_move_region	3190.456543,1199.418701	300.000000	500.000000	500.000000,0.000000,-300.000000	
barrel_receiver	4199.978516,4885.181152	1	layer2_to_3	90
barrel_spawner	3604.831055,4733.954590
telescope	5000.000000,1200.000000	-300.000000	1	2499.126953,758.766418	
push_bot	1839.343872,4373.516113	1	
terrain_spawner	3165.703857,1242.134399	
gear	4943.541504,4805.365723	
push_bot	3186.485596,4231.887695	1	
terrain_spawner	3469.852051,1883.850342	
laser_beamer	2630.266602,4477.902832	360.000000	500.000000	0.000000	CONSTANT	null	
push_bot	2068.253662,4081.730713	1	
laser_beamer	2539.165771,5173.273926	360.000000	550.000000	180.000000	CONSTANT	null	
push_bot	2146.955811,4569.392578	1	
push_bot	1692.629761,4486.791992	1	
push_bot	3555.828857,4234.572754	1	
terrain_spawner	3700.199219,700.517090	
camera_move_region	2631.444336,1066.078979	100.000000	300.000000	300.000000,0.000000,0.000000	
gear	5485.240234,1043.524780	
gear	5309.684570,1150.191528	
gear	5291.906738,914.635925	
big_gear_receiver	1821,3045	1
big_gear	3437.222168,5610.991699	
